country_name,cases,deaths,pct_deaths
Yemen,2083,606,29.092654824771962
Mexico,1250044,113953,9.115919119646989
Montserrat,13,1,7.6923076923076925
Ecuador,202110,13875,6.8650734748404325
Isle_of_Man,370,25,6.756756756756757
Sudan,21386,1347,6.298513045917891
Bolivia,147150,9018,6.128440366972477
Chad,1770,102,5.762711864406779
Egypt,121575,6920,5.691959695661115
Syria,9166,518,5.651320096006982
China,92021,4739,5.1499114332598
Liberia,1676,83,4.952267303102626
Iran,1108269,52196,4.709686908142338
Guernsey,289,13,4.498269896193772
Fiji,46,2,4.3478260869565215
United_Republic_of_Tanzania,509,21,4.12573673870334
Afghanistan,49273,1971,4.00016236072494
Peru,984973,36677,3.7236553692334717
Niger,2258,80,3.54295837023915
Italy,1843712,64520,3.4994619550124964
Tunisia,111361,3894,3.4967358410933813
United_Kingdom,1849403,64170,3.4697683522736797
Guatemala,129282,4423,3.421203261088164
Mali,5814,194,3.3367733058135536
Bosnia_and_Herzegovina,101117,3336,3.29914851113067
Gambia,3782,123,3.252247488101533
Australia,28031,908,3.2392708073204663
Bulgaria,179449,5688,3.169702812498259
Malawi,6066,187,3.082756346851302
Sierra_Leone,2440,75,3.0737704918032787
Indonesia,617820,18819,3.0460328250946875
Belgium,608001,17951,2.952462249239722
Canada,460743,13431,2.915074130263509
Greece,124534,3625,2.910851654969727
North_Macedonia,73638,2121,2.8803063635622914
El_Salvador,41880,1205,2.877268385864374
Algeria,92102,2596,2.8186141451868583
Ireland,76185,2124,2.787950383933845
Chile,571919,15886,2.7776660680970555
Spain,1730575,47624,2.7519177152102623
Nicaragua,5887,162,2.7518260574146423
Colombia,1425774,39053,2.7390736540293203
Zimbabwe,11246,307,2.729859505601992
Argentina,1498160,40766,2.721071180648262
South_Africa,860964,23276,2.7034812140809605
Antigua_and_Barbuda,148,4,2.7027027027027026
Somalia,4579,121,2.642498362087792
Brazil,6901952,181402,2.628270958708493
San_Marino,1947,51,2.6194144838212634
Guyana,5920,155,2.6182432432432434
Honduras,114359,2975,2.6014568158168574
Kosovo,46580,1198,2.5719192786603693
Hungary,283870,7130,2.5117131081128683
Vietnam,1397,35,2.505368647100931
Haiti,9565,234,2.4464192368008364
Democratic_Republic_of_the_Congo,14512,355,2.4462513781697908
France,2376852,57911,2.4364579704584046
Romania,556335,13385,2.4059244879434156
Barbados,292,7,2.3972602739726026
Sweden,320098,7514,2.347406106879768
Jamaica,11710,273,2.33134073441503
Angola,16188,371,2.291821102050902
Iraq,574634,12579,2.189045548992924
Suriname,5353,117,2.1856902671399214
Bahamas,7674,163,2.1240552514985667
Sint_Maarten,1232,26,2.1103896103896105
Belize,9295,195,2.097902097902098
Myanmar,108342,2268,2.093370991859113
Bermuda,431,9,2.088167053364269
Paraguay,93582,1953,2.0869397961146374
Albania,48530,1003,2.066762827117247
Mauritania,10780,222,2.0593692022263452
Senegal,17075,349,2.0439238653001466
Moldova,126518,2572,2.032912312872477
Togo,3251,66,2.030144570901261
Poland,1135676,22864,2.013250257996119
Zambia,18274,367,2.008317828608953
Pakistan,440787,8832,2.003688856522538
Brunei_Darussalam,152,3,1.9736842105263157
Lesotho,2250,44,1.9555555555555555
Philippines,449400,8733,1.9432576769025367
Mauritius,515,10,1.9417475728155338
South_Sudan,3206,62,1.9338739862757333
Eswatini,6768,127,1.8764775413711583
United_States_of_America,16256754,299177,1.840324335350095
Guinea_Bissau,2444,44,1.800327332242226
Jersey,1779,32,1.7987633501967397
Trinidad_and_Tobago,6879,122,1.7735135920918739
Northern_Mariana_Islands,113,2,1.7699115044247788
Russia,2653928,46941,1.7687367554809323
Cameroon,25143,443,1.7619218072624585
Burkina_Faso,4030,71,1.7617866004962779
Panama,193007,3356,1.7387970384493827
"Bonaire, Saint Eustatius and Saba",173,3,1.7341040462427744
Kenya,91892,1587,1.7270273799677882
Ukraine,900666,15247,1.6928583958981465
Kyrgyzstan,77674,1312,1.6891108994000568
Sao_Tome_and_Principe,1009,17,1.6848364717542121
Armenia,148682,2503,1.683458656730472
Saudi_Arabia,359888,6048,1.6805228293246786
Guam,7106,118,1.6605685336335492
Morocco,399609,6624,1.6576203238665796
Czechia,581079,9609,1.6536477828315945
Germany,1337078,21975,1.6435092043994441
Equatorial_Guinea,5185,85,1.639344262295082
Netherlands,612746,10034,1.6375463895317146
Congo,6049,99,1.6366341544056868
Nigeria,73175,1197,1.6358045780662793
Turkey,995471,16199,1.6272699054015638
Portugal,348744,5559,1.5940059183813915
Ethiopia,116769,1806,1.5466433728129898
Dominican_Republic,154692,2361,1.5262586300519743
Slovenia,96314,1459,1.5148368876798803
Croatia,175886,2640,1.5009722206429166
Malta,11101,166,1.4953607783082605
Finland,30810,453,1.4703018500486855
Madagascar,17638,258,1.4627508787844425
Saint_Lucia,275,4,1.4545454545454546
Cuba,9423,137,1.4538894195054652
India,9884100,143355,1.450359668558594
Switzerland,372329,5378,1.4444214659615555
Japan,179653,2585,1.4388849615647943
Bangladesh,490533,7052,1.4376198950937042
New_Zealand,1740,25,1.4367816091954022
Libya,90779,1299,1.4309476861388648
Benin,3090,44,1.423948220064725
Thailand,4237,60,1.4160962945480293
Montenegro,41426,582,1.4049147878144161
Austria,320036,4400,1.3748453299003862
Kazakhstan,186277,2552,1.370002737858136
Latvia,25675,349,1.3592989289191821
South_Korea,43484,587,1.3499218103210375
British_Virgin_Islands,76,1,1.3157894736842104
Jordan,259614,3365,1.29615506097514
Central_African_Republic,4936,63,1.2763371150729337
United_States_Virgin_Islands,1807,23,1.2728278915329274
Costa_Rica,150947,1895,1.2554075271452894
Liechtenstein,1514,18,1.1889035667107
Puerto_Rico,107158,1272,1.1870322327777674
Oman,126240,1471,1.1652408111533588
Comoros,628,7,1.1146496815286624
Papua_New_Guinea,725,8,1.103448275862069
Azerbaijan,175874,1922,1.0928278199165313
Andorra,7338,79,1.076587626056146
Djibouti,5728,61,1.0649441340782122
Cases_on_an_international_conveyance_Japan,696,7,1.0057471264367817
Cape_Verde,11357,110,0.9685656423351237
Namibia,16536,160,0.9675858732462507
Norway,40022,387,0.9669681675078706
Georgia,191063,1839,0.9625097480935608
Luxembourg,41272,396,0.9594882729211088
Uruguay,9708,92,0.9476720230737536
Taiwan,740,7,0.945945945945946
Aruba,5049,46,0.9110714993067934
Venezuela,107177,949,0.8854511695606334
Slovakia,132984,1175,0.8835649401431752
Serbia,266432,2331,0.8748949075186163
Lithuania,95021,825,0.8682291282979551
Palestine,124657,1079,0.8655751381791637
Denmark,109758,941,0.8573406949835092
Rwanda,6659,56,0.8409671121790058
Israel,357859,2999,0.8380395630681359
Mozambique,16954,142,0.8375604577090952
Estonia,18055,149,0.8252561617280533
Lebanon,146520,1200,0.819000819000819
Uzbekistan,75094,612,0.8149785602045436
Uganda,27532,221,0.802702310039227
Belarus,160295,1263,0.7879222683177891
Turks_and_Caicos_islands,769,6,0.7802340702210664
Tajikistan,12704,88,0.6926952141057935
Nepal,248423,1698,0.6835115911167646
Gabon,9330,63,0.67524115755627
Cayman_Islands,298,2,0.6711409395973155
Kuwait,146218,911,0.6230423066927464
Ghana,53014,327,0.6168181989663107
Cote_dIvoire,21680,133,0.6134686346863469
Guinea,13420,79,0.5886736214605067
French_Polynesia,15618,91,0.5826610321423998
Cyprus,15101,78,0.5165220846301569
Iceland,5557,28,0.5038689940615441
Malaysia,83475,415,0.4971548367774783
Gibraltar,1075,5,0.46511627906976744
Sri_Lanka,32790,152,0.4635559621835926
Bahrain,89143,348,0.39038398976924715
Maldives,13368,48,0.3590664272890485
United_Arab_Emirates,184949,617,0.3336054804297401
Curaçao,3624,11,0.30353200883002207
Monaco,668,2,0.29940119760479045
Botswana,12501,37,0.29597632189424844
Qatar,140961,240,0.17025985910996658
Burundi,729,1,0.1371742112482853
Western_Sahara,766,1,0.13054830287206268
Singapore,58320,29,0.04972565157750343
Holy_See,26,0,0.0
Vanuatu,1,0,0.0
New_Caledonia,36,0,0.0
Wallis_and_Futuna,3,0,0.0
Mongolia,912,0,0.0
Anguilla,10,0,0.0
Bhutan,438,0,0.0
Grenada,69,0,0.0
Saint_Kitts_and_Nevis,27,0,0.0
Marshall_Islands,4,0,0.0
Seychelles,187,0,0.0
Timor_Leste,31,0,0.0
Greenland,19,0,0.0
Saint_Vincent_and_the_Grenadines,98,0,0.0
Eritrea,711,0,0.0
Falkland_Islands_(Malvinas),19,0,0.0
Faroe_Islands,528,0,0.0
Laos,41,0,0.0
Cambodia,359,0,0.0
Solomon_Islands,17,0,0.0
Dominica,87,0,0.0
